15 3 1
2
0--
-00
1
1
22 4 1
3
0---
-00-
-0-0
1
1
1
21 3 1
2
00-
0-0
1
1
23 4 1
3
0---
-0--
--00
1
1
1
24 4 1
2
00--
0-00
1
1
29 4 1
3
00--
0-0-
0--0
1
1
1
20 4 1
4
0-0-
0--0
-00-
-0-0
1
1
1
1
35 2 1
2
10
01
1
1
103 4 1
2
0-00
-010
1
1
118 1 1
1
1
1
119 1 1
1
1
1
120 1 1
1
0
1
121 1 1
1
1
1
122 1 1
1
1
1
135 1 1
1
1
1
136 1 1
1
1
1
137 1 1
1
1
1
141 2 1
2
01
10
1
1
144 3 1
2
1-1
-10
1
1
145 3 2
4
1-1
-10
0-1
-00
10
10
01
01
149 4 1
3
0---
-0--
--00
1
1
1
151 3 1
2
0--
-00
1
1
152 4 1
2
00--
--00
1
1
153 4 1
2
0---
-000
1
1
154 4 1
3
0---
-00-
-0-0
1
1
1
155 2 1
2
11
00
1
1
156 3 1
2
0-1
-00
1
1
159 4 1
2
000-
00-0
1
1
161 3 1
2
00-
0-0
1
1
162 4 1
4
0-0-
0--0
-00-
-0-0
1
1
1
1
163 4 1
3
00--
0-0-
0--0
1
1
1
164 4 1
2
00--
0-00
1
1
125 2 1
1
11
1
126 2 1
1
11
1
127 3 1
1
111
1
128 3 1
1
111
1
129 4 1
1
1111
1
130 4 1
1
1111
1
131 6 1
1
111111
1
132 8 1
1
11111111
1
146 1 1
1
0
1
167 1 1
1
0
1
168 1 1
1
0
1
147 2 1
2
0-
-0
1
1
148 3 1
3
0--
-0-
--0
1
1
1
150 4 1
4
0---
-0--
--0-
---0
1
1
1
1
157 2 1
1
00
1
158 3 1
1
000
1
160 4 1
1
0000
1
169 2 1
2
1-
-1
1
1
170 2 1
2
1-
-1
1
1
171 3 1
3
1--
-1-
--1
1
1
1
172 3 1
3
1--
-1-
--1
1
1
1
173 4 1
4
1---
-1--
--1-
---1
1
1
1
1
174 4 1
4
1---
-1--
--1-
---1
1
1
1
1
175 6 1
6
1-----
-1----
--1---
---1--
----1-
-----1
1
1
1
1
1
1
176 8 1
8
1-------
-1------
--1-----
---1----
----1---
-----1--
------1-
-------1
1
1
1
1
1
1
1
1
139 5 3
8
1110-
-01-1
-1111
--0--
0110-
-01-0
-1110
-1---
100
100
100
010
010
010
010
001
140 6 3
9
0--1--
11110-
1-01-1
1-1111
1--0--
10110-
1-01-0
1-1110
--1---
100
100
100
100
010
010
010
010
001
143 4 2
5
111-
-011
--0-
011-
-010
10
10
01
01
01
138 4 3
7
-1--
110-
-0-1
-111
010-
-0-0
-110
001
100
100
100
010
010
010
142 3 2
4
11-
-01
01-
-00
10
10
01
01
178 5 2
5
0-1--
-01--
11110
110--
11101
10
10
10
01
01
181 3 3
7
100
0-1
111
101
0-0
110
010
100
100
100
010
010
010
001
182 4 3
8
1100
01-1
1111
-0--
1101
01-0
1110
1---
100
100
100
010
010
010
010
001
183 5 3
9
0----
11100
101-1
11111
--0--
11101
101-0
11110
-1---
100
100
100
100
010
010
010
010
001
177 4 2
4
01--
1110
10--
1101
10
10
01
01
179 4 2
5
10--
11--
0010
01--
0001
10
11
10
01
01
180 5 2
7
1----
-1---
00010
001--
1-10-
-11--
00001
10
10
10
01
01
01
01
197 5 3
8
0----
1110-
1-0-1
1-111
1010-
1-0-0
1-110
--1--
100
100
100
100
010
010
010
001
215 5 1
2
0000-
000-0
1
1
216 6 1
4
000-0-
000--0
00-00-
00-0-0
1
1
1
1
220 5 1
4
00-0-
00--0
0-00-
0-0-0
1
1
1
1
221 6 3
8
1-100-
--00-1
---011
0-1-0-
--0--0
----10
---1--
--1---
100
100
100
010
010
010
010
001
222 4 1
2
-0-1
11--
1
1
223 4 1
3
--1-
-001
010-
1
1
1
224 6 2
6
--00-1
---011
1-100-
--11--
--1-0-
--1--1
10
10
10
01
01
01
225 4 1
3
-0-0
--10
110-
1
1
1



